1000 974
254
255
248
488
247
246
249
246
251
251
256
256
252
252
252
251
248
245
244
249
255
249
252
256
250
244
253
248
251
244
245
248
247
488
246
244
248
249
252
496
245
255
244
244
250
252
256
244
253
498
249
248
245
249
252
247
249
253
246
247
256
246
247
256
246
244
253
255
252
256
250
251
245
253
251
245
248
253
253
251
250
248
248
253
253
253
254
488
256
252
246
248
248
250
251
249
251
246
253
252
250
247
249
245
248
245
498
253
245
251
256
247
252
244
247
251
246
246
253
251
251
255
253
246
256
245
244
248
255
256
496
245
245
245
247
247
252
248
491
252
253
491
249
254
246
495
246
245
249
248
246
245
247
252
254
498
255
251
491
250
244
246
250
256
244
250
256
251
250
245
244
248
489
255
246
249
251
246
499
255
253
248
244
249
255
249
496
249
247
249
250
249
250
246
256
250
255
491
247
244
245
244
248
244
255
252
250
247
245
254
256
245
249
256
252
244
250
245
244
491
499
256
251
245
244
246
256
251
255
255
254
255
488
244
251
250
254
256
245
255
246
244
251
249
244
249
246
255
249
245
252
245
255
246
255
250
488
249
245
247
249
250
245
251
254
247
251
244
244
247
244
247
254
256
250
246
253
248
254
253
250
246
250
256
247
254
256
256
256
250
255
247
254
251
246
255
256
244
248
251
253
245
495
249
246
255
254
244
246
251
247
246
253
247
251
255
247
256
253
251
244
252
244
251
252
250
248
245
250
249
250
247
253
244
244
246
252
252
248
256
247
250
247
245
253
496
256
245
250
253
244
252
247
250
492
254
252
247
248
245
248
254
255
254
252
252
254
491
256
250
249
254
245
256
255
491
499
255
249
255
256
249
244
249
254
245
252
251
248
249
252
255
250
244
253
244
249
251
245
256
489
256
496
245
245
254
251
249
247
244
252
254
255
252
250
246
250
248
256
255
248
244
245
248
256
251
245
254
256
246
487
255
245
253
251
251
256
498
255
251
492
244
255
256
247
246
254
248
253
252
249
247
245
245
255
247
247
254
252
246
248
253
251
252
255
248
253
247
250
247
245
250
251
498
252
255
244
252
246
254
255
251
496
244
250
255
245
248
255
251
490
253
256
251
251
245
244
255
255
256
250
255
251
256
255
248
248
492
244
256
244
252
492
248
246
247
252
255
244
249
244
248
487
255
255
252
248
488
247
494
248
255
249
247
251
254
255
254
490
254
246
490
251
251
253
244
254
246
487
254
249
253
251
254
253
252
245
251
250
249
247
495
256
245
487
244
490
245
254
244
245
255
256
247
253
256
251
251
244
254
246
252
256
497
254
249
252
244
249
244
246
250
248
244
487
250
249
498
254
256
498
248
248
248
246
253
251
244
248
244
256
245
244
250
256
245
251
254
253
251
249
248
489
493
255
254
256
249
249
254
253
253
255
494
254
250
245
252
246
250
493
251
253
247
248
256
251
253
252
251
245
245
245
251
254
248
254
253
251
254
244
252
247
244
251
255
255
248
244
256
247
246
245
255
251
255
249
254
252
247
246
254
244
248
253
253
249
250
252
246
251
249
495
247
246
499
248
491
244
252
256
256
495
250
497
252
256
490
490
253
499
256
251
249
250
253
253
254
254
250
254
254
253
256
248
252
244
245
244
249
256
244
254
250
251
256
253
245
245
245
255
249
493
245
246
256
244
493
254
249
245
247
249
249
245
245
244
252
256
250
251
252
254
247
248
252
255
251
254
251
247
499
255
254
246
245
252
244
251
254
254
252
250
252
249
253
255
251
249
249
255
251
250
249
244
255
247
251
252
253
251
253
247
250
250
252
246
244
244
255
252
245
247
253
248
256
245
252
252
252
255
249
256
255
249
253
250
248
256
245
245
499
254
248
496
254
250
255
250
246
254
247
245
252
256
244
247
248
245
248
244
255
256
245
490
252
247
247
249
244
244
249
245
494
487
255
247
247
249
249
246
250
254
252
245
246
256
245
250
245
253
252
245
247
248
245
250
251
254
254
256
253
255
251
494
244
255
487
251
245
250
255
244
249
252
252
251
246
244
249
244
244
255
498
497
251
253
253
244
249
250
248
255
245
249
487
256
256
496
249
247
244
244
498
249
251
248
246
247
244
249
254
245
247
247
244
493
249
255
256
249
256
250
251
256
256
249
491
249
244
244
493
251
253
254
249
251
250
248
250
254
255
251
250
254
253
245
254
244
247
244
246
255
255
249
255
496
255
253
247
249
245
244
499
253
250
247
256
254
252
