1000 999
477
263
472
489
249
219
511
286
485
289
510
229
274
291
267
265
257
229
211
291
221
445
458
456
508
267
284
473
291
446
226
486
476
458
221
243
292
282
511
538
462
534
241
222
254
516
245
209
223
522
495
233
204
283
224
483
287
218
223
500
224
526
537
459
518
471
230
259
480
279
475
204
226
465
479
232
497
231
291
232
533
232
509
214
258
229
296
528
478
518
259
517
225
488
484
239
476
507
203
220
500
261
253
505
241
525
520
286
210
225
452
523
286
225
236
456
231
259
244
203
482
281
470
216
495
221
218
242
466
208
504
480
485
486
296
252
271
221
504
515
469
451
204
480
238
519
206
234
476
249
270
501
278
528
220
470
444
513
527
536
271
232
222
252
463
278
234
241
217
210
244
286
497
445
240
240
247
499
490
261
270
254
205
513
213
488
467
263
233
493
506
497
254
460
247
486
283
531
239
284
236
280
515
236
227
231
217
501
216
220
513
268
255
520
283
278
245
292
456
529
475
205
205
536
526
286
505
281
287
269
500
495
495
262
500
289
514
259
278
268
521
531
256
227
524
517
476
231
224
478
270
207
212
507
461
516
485
480
253
529
208
285
248
225
467
495
478
295
246
487
469
496
293
515
450
447
498
497
291
205
237
245
268
264
488
520
237
524
240
213
503
296
258
535
250
235
254
458
231
504
511
237
515
527
498
219
532
266
482
274
295
265
286
219
520
238
463
287
465
228
218
506
510
481
513
472
277
505
488
448
528
458
511
277
498
290
215
537
206
207
516
281
251
448
267
473
272
229
272
264
264
472
469
292
459
478
267
242
521
245
230
270
204
511
514
215
452
463
270
267
466
229
258
533
233
480
504
216
515
518
247
262
281
461
469
502
538
254
270
513
275
217
472
528
523
247
264
205
460
240
467
495
465
249
266
281
258
250
235
287
495
231
224
202
450
207
279
261
463
520
291
267
538
520
246
239
254
449
499
237
458
458
244
265
527
276
245
484
511
502
503
229
255
231
289
529
202
481
538
296
269
220
533
271
294
248
271
260
527
218
458
535
250
498
500
240
451
283
234
507
517
256
203
488
265
501
203
248
239
444
257
285
517
505
511
450
288
216
251
498
447
236
210
243
491
261
244
492
218
444
492
228
448
224
240
267
257
449
463
257
444
525
528
498
288
533
522
453
221
228
217
517
518
502
491
447
522
505
462
453
236
282
473
463
294
288
278
216
492
244
462
530
220
292
237
258
275
245
526
509
253
485
472
485
451
291
231
224
227
275
203
468
291
462
483
281
449
481
273
235
235
536
484
456
282
279
514
530
278
295
516
262
264
533
231
222
205
457
461
522
270
266
209
258
490
265
531
446
265
277
533
446
292
240
493
236
288
233
279
503
470
258
244
240
511
215
243
296
278
288
533
207
516
494
290
229
245
504
253
227
264
268
280
444
259
466
292
257
275
485
509
232
283
223
226
226
504
259
509
289
224
292
244
258
508
260
267
240
517
212
219
209
528
509
458
234
288
210
511
279
473
251
444
486
205
519
252
212
455
509
468
291
238
509
502
267
289
492
524
258
289
451
467
536
266
474
501
499
484
246
469
215
448
525
516
538
267
493
467
281
465
291
460
261
230
275
492
227
246
273
477
282
237
282
236
289
241
471
237
451
521
493
233
273
507
257
249
261
281
293
505
501
463
271
244
272
268
490
215
518
503
245
281
260
236
287
269
518
478
232
530
280
470
213
278
537
263
252
254
222
457
453
513
461
228
285
455
524
287
233
250
267
492
453
260
239
498
500
495
495
279
202
495
284
525
221
484
488
445
279
534
274
520
460
477
466
247
248
246
229
296
260
205
482
453
460
224
480
475
227
456
250
229
236
204
504
253
525
247
236
207
521
286
263
477
208
529
491
239
495
296
515
489
487
472
226
253
261
515
475
501
528
248
504
500
500
493
237
458
494
498
446
505
505
520
463
288
480
534
289
232
219
482
243
217
294
453
445
273
293
261
257
289
463
450
513
233
267
271
538
276
536
262
458
526
498
225
455
219
507
251
251
255
212
505
511
273
486
278
235
508
288
233
535
523
464
285
532
266
293
522
291
270
532
214
458
234
241
506
238
296
469
215
537
538
267
296
278
274
277
250
496
444
272
488
247
496
223
290
538
235
287
488
531
497
207
522
513
537
258
469
455
234
231
478
467
253
223
452
467
498
452
264
222
452
226
469
228
289
253
239
231
452
212
475
277
514
261
450
459
524
277
203
447
504
488
517
240
279
237
