1000 982
252
330
283
483
322
280
286
247
273
286
309
228
316
295
290
285
270
261
289
270
331
277
320
280
238
319
256
312
271
267
239
267
265
461
225
317
259
262
298
449
250
262
280
230
263
275
263
226
237
484
259
232
272
279
228
285
269
244
328
315
282
288
234
308
292
313
277
323
300
243
299
322
244
224
280
260
307
325
236
313
249
264
264
243
225
330
249
488
307
227
282
304
306
278
314
245
269
237
251
251
310
267
270
288
268
226
425
249
230
321
258
240
288
310
248
235
329
323
317
299
259
240
328
262
326
266
273
290
330
226
394
286
322
259
247
308
315
297
385
318
247
400
248
327
244
330
239
328
257
321
325
298
303
271
306
235
293
283
417
302
293
295
248
234
226
252
270
327
270
266
309
321
467
251
260
247
253
296
402
285
277
317
267
229
243
304
282
327
288
254
256
224
300
242
247
255
327
443
226
316
272
307
288
295
268
254
302
247
322
313
298
318
245
293
252
325
276
272
325
417
475
302
315
315
312
307
258
273
224
280
299
312
471
261
298
254
332
291
262
267
321
266
305
255
314
278
288
328
268
242
237
228
222
323
314
268
388
229
318
285
323
251
247
303
294
306
281
237
275
324
251
242
231
230
274
254
328
279
265
226
310
284
327
320
251
275
321
266
286
321
287
226
246
282
269
254
261
227
244
279
317
325
481
263
255
259
271
324
327
278
310
277
248
229
273
330
263
284
301
230
245
279
316
250
225
236
269
296
328
284
278
264
264
270
240
247
264
286
280
251
225
226
293
324
268
388
267
267
229
273
286
233
257
255
443
222
331
266
253
277
314
282
251
258
306
324
321
482
248
305
325
293
246
320
296
479
283
225
223
273
287
272
311
246
250
297
269
266
225
257
312
281
252
304
248
244
246
326
254
224
444
313
442
280
260
329
324
262
245
262
264
290
299
291
331
238
320
295
295
319
272
234
235
274
319
326
244
223
321
309
409
263
272
292
278
268
276
464
222
278
472
320
262
269
302
291
301
230
271
227
280
310
315
313
260
315
260
231
324
264
319
311
296
316
263
299
285
292
308
280
241
318
304
434
277
284
322
244
223
229
271
306
464
231
330
279
320
239
253
231
442
234
273
282
234
292
316
253
276
273
270
228
285
327
297
323
325
432
230
318
306
232
315
307
307
227
267
262
226
226
316
264
483
306
237
279
311
394
315
452
314
323
239
271
278
254
223
249
422
308
265
465
245
235
229
278
262
317
401
253
313
320
275
258
315
296
238
318
296
228
305
455
248
233
473
249
459
246
320
268
295
319
254
323
243
233
315
274
281
329
269
306
316
488
329
222
245
311
268
263
254
303
257
229
249
308
258
421
311
288
469
318
314
281
266
302
298
248
309
331
242
293
236
332
258
272
282
297
224
284
222
316
382
242
247
262
228
293
235
236
222
278
331
485
230
223
310
242
250
329
490
330
307
249
292
311
330
324
241
330
260
318
226
288
269
288
263
287
326
280
308
227
303
302
278
325
272
311
309
326
331
283
278
248
262
255
332
293
258
271
318
268
229
235
322
280
235
257
305
246
261
265
486
258
266
479
264
395
244
317
232
283
448
295
472
263
323
409
233
293
426
321
296
315
321
253
309
332
301
302
284
242
290
316
234
239
304
324
313
269
321
297
223
267
316
331
271
235
265
257
329
308
398
291
272
271
224
462
319
284
332
255
241
303
311
329
311
232
255
288
250
300
279
249
243
325
240
302
294
319
291
390
256
318
276
249
301
287
288
317
239
252
329
263
263
305
297
295
253
257
305
291
250
251
324
284
328
281
306
266
232
241
286
286
264
262
318
262
291
283
287
329
328
292
330
271
321
307
247
274
236
253
316
239
272
274
230
291
245
329
327
467
234
327
245
232
278
305
271
312
251
330
254
291
317
309
242
297
245
282
322
252
230
315
474
316
312
330
306
298
306
301
230
383
385
321
282
309
239
304
326
251
241
259
258
319
261
252
245
309
268
267
291
324
319
303
233
291
222
284
305
326
283
263
432
279
261
269
233
325
306
291
296
263
272
238
226
325
286
254
256
285
253
417
466
267
304
245
325
277
283
282
231
292
271
392
246
259
283
231
245
316
325
253
257
230
287
299
326
321
262
321
301
243
276
241
444
319
267
326
299
253
296
268
320
284
327
447
315
289
237
471
253
281
314
283
271
233
294
285
256
237
321
290
269
297
267
324
290
326
289
243
242
309
320
307
421
321
258
332
311
302
301
484
306
240
283
269
316
308
