200 100
101
102
110
92
110
91
107
106
98
99
109
104
92
98
96
107
91
93
102
94
91
102
90
102
96
91
99
101
96
94
94
105
108
104
94
91
93
102
100
96
101
108
101
109
103
98
96
99
93
91
10002
98
93
104
9991
98
91
98
110
110
105
103
91
107
99
95
99
102
101
95
95
102
105
99
100
97
103
97
109
93
102
103
107
103
104
107
101
102
99
98
110
95
104
103
99
105
90
108
100
96
90
108
105
92
97
110
110
93
110
110
109
99
106
99
100
105
93
101
90
91
108
108
94
105
98
97
109
92
107
109
94
102
107
93
108
97
108
92
108
109
104
100
104
103
108
96
94
110
102
101
92
97
97
9990
105
102
97
98
97
102
95
104
106
107
98
103
99
102
96
99
105
92
92
107
96
109
9999
107
98
93
90
98
91
95
109
102
109
102
99
107
95
103
10008
91
94
105
96
106
101
95
