1000 985
440
307
308
464
289
303
314
282
292
270
426
312
262
286
305
321
273
320
321
283
274
328
471
330
291
276
303
447
308
283
317
271
278
463
307
305
309
319
301
441
333
281
296
320
323
320
327
296
327
486
268
312
291
274
284
278
325
322
322
485
291
298
264
263
320
299
265
286
488
275
263
312
326
293
300
291
275
319
297
316
264
289
295
270
298
320
309
430
267
300
275
305
325
290
281
265
331
280
274
330
292
273
275
326
296
283
439
312
320
282
274
447
323
325
322
329
268
321
301
311
306
321
454
284
474
308
313
269
332
298
483
277
273
329
318
299
325
289
457
318
334
430
264
319
321
485
267
279
321
308
282
328
320
262
282
471
328
465
480
293
281
290
285
297
280
276
301
295
264
299
315
266
442
276
263
274
268
266
432
274
292
323
265
291
306
322
421
271
333
327
285
311
264
470
262
478
313
473
265
323
306
269
291
319
284
330
287
283
322
285
277
334
310
290
277
299
304
306
321
466
475
285
289
289
308
270
305
266
280
269
273
280
487
298
271
267
323
313
330
293
279
290
304
263
312
300
487
294
311
283
269
266
301
270
270
270
478
304
273
318
285
313
264
281
307
466
306
271
326
333
447
485
281
323
333
468
270
296
314
274
280
300
299
285
309
304
328
290
305
290
321
327
295
280
272
317
262
281
280
282
271
329
427
284
464
313
284
291
320
263
263
278
312
299
281
301
285
329
265
289
288
333
291
299
273
283
317
307
315
301
281
417
306
332
324
270
297
274
327
265
291
264
333
288
300
453
291
312
292
275
276
303
320
273
421
331
276
319
416
307
296
277
289
269
289
309
453
429
285
302
302
266
331
478
322
481
460
270
284
306
272
304
321
311
330
304
325
269
286
326
334
281
429
483
330
308
333
268
279
268
466
286
427
315
305
311
325
318
313
299
323
266
314
330
328
309
331
312
276
450
278
268
288
279
291
295
270
269
278
314
422
477
262
318
310
334
265
473
329
268
471
302
272
279
295
281
269
451
434
327
267
299
332
287
312
283
318
282
279
286
473
302
262
305
304
289
279
312
330
321
283
290
321
461
285
267
311
287
314
298
280
269
454
303
446
286
329
281
334
303
420
300
293
273
287
280
306
331
275
276
329
269
309
319
280
264
331
417
332
278
277
306
425
277
300
333
274
429
316
272
270
274
482
453
321
301
273
472
262
472
265
315
327
315
283
280
314
312
420
304
328
480
262
305
262
290
323
313
430
285
276
327
278
322
265
293
287
316
269
291
315
484
334
310
426
324
453
331
331
274
317
482
316
311
278
329
312
284
275
265
316
289
265
445
273
304
319
319
278
306
263
281
263
319
457
278
323
462
285
328
473
299
332
266
277
331
265
266
262
295
332
287
316
304
289
303
266
306
262
328
283
305
472
416
269
320
297
303
278
324
321
280
291
440
287
279
320
284
332
416
418
274
283
289
303
300
262
307
301
278
315
270
266
306
293
300
301
321
474
287
321
331
316
441
328
304
320
262
319
285
300
322
444
318
266
453
262
267
437
313
325
277
298
292
422
312
282
318
333
315
290
318
419
270
310
448
327
462
292
280
279
294
450
300
416
316
317
487
463
316
440
303
287
331
285
278
274
267
280
289
318
267
271
320
323
332
283
305
284
265
472
295
265
273
426
294
312
284
279
281
284
330
458
285
299
269
331
457
269
299
285
298
305
313
272
272
307
316
332
283
311
272
272
331
266
267
319
329
325
281
270
467
300
281
267
295
265
303
287
294
293
267
267
451
267
265
295
325
285
264
307
301
285
291
278
282
321
333
262
326
307
323
270
304
270
322
278
304
283
278
322
325
302
311
427
296
296
266
313
317
303
287
327
324
328
317
271
288
323
279
333
416
277
277
436
329
284
333
286
263
288
332
320
286
433
302
329
276
283
294
276
331
330
314
435
285
326
325
311
314
278
324
316
430
446
292
322
444
488
322
282
282
333
269
277
301
294
327
305
282
328
269
327
294
283
305
326
316
308
325
270
270
325
293
427
264
290
467
297
292
304
322
275
334
271
264
282
316
295
304
432
266
263
487
448
282
324
420
279
309
439
319
278
324
311
485
324
291
474
305
301
287
306
452
293
307
264
293
265
309
297
267
279
330
445
331
475
332
273
263
320
297
468
319
272
303
311
432
307
306
437
418
328
292
285
275
320
267
273
300
274
310
276
303
436
301
465
292
282
291
300
277
302
267
332
306
442
328
416
272
318
304
295
457
316
287
318
300
268
292
