1000 955
489
220
217
479
217
211
218
213
213
217
488
220
217
212
220
214
221
213
212
213
218
216
488
217
216
220
213
486
216
212
213
213
479
480
221
220
216
212
212
488
220
213
212
219
220
219
217
214
220
481
220
214
217
213
218
483
217
214
220
486
217
215
211
219
215
212
219
218
488
214
215
211
219
220
213
217
482
216
217
219
216
215
213
214
213
215
221
483
218
489
212
220
215
221
221
216
219
480
217
213
212
217
215
489
216
218
484
221
216
212
215
482
220
214
215
212
211
221
221
212
221
218
485
216
484
216
213
221
212
215
486
213
216
219
220
218
211
218
485
216
214
480
211
212
221
488
215
218
217
219
212
486
221
211
215
485
216
487
488
214
214
218
219
212
221
214
214
213
221
212
219
213
488
218
212
220
220
221
483
219
211
214
214
219
213
211
479
218
214
215
216
214
218
481
218
483
218
484
221
214
217
211
216
211
216
221
214
212
219
214
213
211
218
212
211
214
218
214
216
479
486
216
218
218
212
216
211
217
212
216
218
212
484
211
484
219
488
218
212
211
212
214
217
212
211
217
488
219
212
212
218
218
214
215
218
213
480
219
217
217
213
217
220
215
220
483
211
215
218
485
480
482
215
221
214
484
217
489
217
220
216
216
221
214
486
217
221
220
219
220
219
218
215
220
221
216
221
219
212
215
219
218
486
221
479
212
214
216
212
211
215
212
217
220
219
219
216
220
215
214
216
214
220
220
213
218
217
217
216
488
214
481
220
218
215
220
216
213
213
214
213
219
214
221
214
481
218
213
216
214
219
215
219
211
482
484
213
221
488
211
218
213
219
482
214
214
480
486
220
221
480
215
214
480
214
487
483
214
219
213
215
221
212
218
218
219
220
211
221
214
212
213
489
486
215
213
220
218
218
217
479
215
482
215
215
216
220
214
217
220
486
212
219
221
211
216
215
217
214
488
215
220
214
483
215
215
221
216
216
215
483
486
218
211
217
220
216
489
214
214
482
217
211
220
211
221
218
480
487
215
211
215
213
211
219
220
218
218
215
216
486
484
216
211
487
213
221
216
215
214
217
215
212
485
220
212
220
213
216
218
217
215
486
217
486
220
216
217
213
219
487
219
214
213
211
220
221
212
216
220
215
213
213
214
218
212
221
485
212
212
216
216
486
215
213
212
220
489
211
212
216
220
487
484
211
217
217
489
216
486
218
219
212
484
220
217
216
212
479
218
215
479
221
214
219
219
212
214
488
212
215
219
216
211
219
216
213
213
211
219
213
485
214
489
488
221
485
487
215
217
218
485
217
211
211
220
211
211
221
215
218
218
221
484
215
215
221
219
219
214
217
214
212
219
479
216
219
488
218
220
484
216
212
214
221
215
220
220
216
220
220
219
214
219
218
221
216
215
220
219
214
218
482
488
217
214
216
213
214
214
218
220
221
482
221
217
218
221
220
485
487
218
213
219
217
216
217
220
213
220
220
217
212
216
221
220
217
216
489
218
211
221
217
481
221
213
211
216
221
216
488
213
482
213
211
484
218
220
486
218
218
216
220
215
488
219
213
214
218
215
220
486
488
212
217
485
480
489
217
213
217
221
487
211
480
221
221
488
484
215
488
212
212
221
216
219
214
214
220
212
481
217
220
215
217
219
213
215
218
212
484
214
221
214
486
216
213
212
220
216
212
219
489
217
221
211
213
485
220
212
215
218
219
220
214
218
213
212
214
212
215
212
219
216
215
212
216
219
214
213
216
488
216
220
216
218
220
211
215
215
218
216
218
488
220
219
211
216
221
216
216
211
214
217
218
212
220
220
219
218
220
220
211
215
488
219
214
212
213
217
213
221
219
217
479
216
218
220
219
219
213
220
215
212
216
221
219
220
221
213
212
479
220
217
482
211
220
215
211
212
217
211
211
214
486
216
218
220
219
212
218
219
213
216
482
215
483
221
217
217
214
221
215
484
479
218
217
483
487
214
220
214
211
220
212
211
221
214
221
216
211
212
211
484
218
217
220
217
214
216
220
213
214
212
481
221
220
482
220
217
220
215
217
215
480
218
215
219
220
215
489
214
211
487
485
213
215
489
212
214
485
215
212
211
221
481
218
218
484
217
212
218
213
480
216
212
214
215
217
212
218
214
219
212
483
211
479
218
213
220
215
218
479
215
221
215
218
484
213
217
482
487
213
216
218
214
220
221
218
221
221
214
219
215
488
211
483
213
216
215
221
211
217
220
479
216
484
218
483
212
489
211
215
480
221
211
219
220
220
216
