1000 982
437
252
237
464
228
252
238
275
265
264
254
242
253
228
247
262
251
269
244
230
274
268
462
236
267
262
273
457
243
262
232
249
244
470
249
274
276
228
254
453
278
255
248
259
245
253
273
276
271
449
259
269
262
251
243
251
237
251
267
232
280
266
259
245
258
276
262
274
260
272
268
276
238
236
268
240
269
233
241
247
243
236
264
244
232
242
238
462
258
278
273
278
267
267
260
261
237
278
242
248
277
240
260
279
250
250
462
247
227
272
272
274
248
257
246
262
258
233
270
235
256
268
479
270
450
250
249
230
258
276
454
276
271
248
242
256
267
264
485
236
248
454
257
248
253
476
230
246
240
255
233
234
231
236
232
475
251
278
476
264
227
279
254
251
227
273
233
267
245
241
251
270
453
274
257
275
247
272
462
270
269
280
267
236
275
272
465
262
245
270
274
256
270
263
226
482
229
434
237
245
278
280
236
245
248
241
269
267
235
254
279
280
238
252
242
242
228
261
255
434
473
277
258
246
274
241
238
276
252
239
259
240
454
255
244
241
243
256
269
236
262
274
227
247
246
258
446
256
268
266
252
264
248
242
232
267
478
249
278
238
275
271
244
272
271
271
280
239
237
247
253
240
262
275
263
438
264
238
259
268
228
261
278
278
230
278
266
237
266
256
271
272
236
240
226
272
247
226
236
258
226
276
475
264
255
252
237
275
269
250
259
263
249
265
251
248
260
255
269
271
254
250
271
249
235
269
240
226
259
277
254
442
275
232
227
275
280
279
242
244
267
243
240
226
261
433
259
253
269
239
234
234
246
259
447
234
229
241
238
268
231
250
275
254
231
259
435
458
249
280
247
235
240
227
254
462
458
240
241
275
237
266
276
245
271
274
240
252
257
269
238
244
263
467
232
257
260
276
230
241
431
232
434
260
233
278
258
246
250
257
250
246
249
233
233
280
248
253
252
279
257
269
250
265
252
264
243
228
248
240
440
254
250
235
277
253
260
472
238
250
448
238
243
246
254
279
265
466
230
229
269
238
257
230
258
274
260
255
245
271
252
262
280
248
280
269
244
236
261
227
256
261
238
471
240
279
272
254
267
264
244
226
433
231
234
278
249
236
272
246
479
230
272
234
239
233
278
234
266
264
268
227
263
247
271
253
236
433
234
229
271
276
431
250
240
234
258
468
231
277
279
256
451
452
239
233
246
434
270
465
253
234
230
252
242
251
244
264
462
228
257
471
247
277
264
259
266
262
460
254
239
260
239
250
264
271
248
233
276
273
249
442
278
226
444
230
448
246
258
233
238
240
239
275
270
262
269
237
263
274
243
241
233
477
268
256
249
255
244
242
242
226
248
249
474
243
243
442
260
274
461
260
276
241
263
234
276
256
269
247
228
232
253
260
242
246
253
269
274
240
243
251
451
455
240
228
235
249
230
277
260
231
234
470
229
262
241
258
232
465
485
276
274
263
264
245
278
278
278
250
256
266
261
249
247
229
239
265
450
258
280
231
274
249
231
239
238
242
245
230
271
242
277
260
247
438
235
251
230
250
265
245
257
253
483
227
270
239
262
278
253
251
451
237
249
456
269
438
253
274
238
267
484
229
448
270
233
437
474
257
465
237
247
247
233
264
265
244
255
228
248
258
264
251
231
267
245
233
243
267
440
230
267
276
254
274
237
268
248
241
264
232
465
226
242
280
267
466
233
265
243
261
230
233
246
273
240
246
267
273
234
254
278
271
252
268
251
251
231
260
238
460
280
257
251
265
241
247
228
247
271
265
233
254
246
278
252
239
227
272
251
251
269
237
258
267
263
269
243
240
273
258
229
267
242
250
237
270
229
260
259
264
246
247
271
230
234
268
226
244
228
253
259
248
239
245
242
280
234
280
256
442
269
226
438
279
255
241
270
231
275
278
245
272
468
262
277
268
265
274
234
258
269
273
464
247
255
266
269
269
275
260
261
446
445
236
241
462
469
269
272
262
275
235
259
248
249
267
232
227
235
260
250
256
275
261
245
278
275
260
242
228
244
250
481
271
257
440
248
252
271
260
248
255
244
273
262
230
263
267
255
236
239
438
475
243
229
470
231
276
271
263
268
239
264
456
233
276
465
279
268
250
247
466
242
269
242
227
246
279
261
241
248
266
254
245
445
243
235
260
266
227
258
236
266
238
228
458
256
261
467
459
270
244
245
249
239
274
228
277
233
244
235
260
262
243
259
266
235
271
256
238
268
229
270
253
463
226
263
236
230
270
276
438
267
271
232
227
276
270
