1000 925
205
166
201
425
166
252
225
195
217
233
233
190
189
171
223
225
156
249
195
196
215
183
208
164
246
195
262
151
212
205
200
248
197
429
223
192
230
176
189
508
223
220
171
204
227
251
250
262
166
479
171
167
177
198
258
216
190
167
163
174
245
155
234
177
183
221
201
263
214
199
181
149
157
224
169
252
238
151
248
192
219
233
151
188
247
165
166
453
163
239
243
208
243
151
185
237
191
238
263
161
211
211
239
229
172
145
529
237
161
182
225
150
236
234
221
256
206
190
187
252
255
168
240
224
165
166
184
262
264
161
433
189
243
197
163
257
156
199
499
147
163
514
224
176
219
165
203
223
167
157
233
251
181
150
164
186
174
218
529
231
196
156
209
169
209
204
210
193
197
248
253
245
510
239
163
194
183
217
470
156
250
244
182
208
166
166
196
203
254
175
154
264
153
211
214
216
241
543
203
208
230
264
169
146
180
215
225
195
147
164
178
231
149
163
225
212
194
209
221
457
454
165
181
242
193
227
194
223
243
231
223
160
461
218
219
258
201
228
152
147
183
173
257
227
166
153
217
201
251
148
160
156
190
166
154
198
525
252
212
177
167
219
170
212
248
217
167
155
209
145
173
263
256
248
232
246
186
188
171
248
194
242
175
202
165
242
249
158
148
160
256
226
217
200
252
183
233
144
199
177
185
157
538
148
204
243
257
246
240
237
256
150
264
166
179
191
185
220
250
236
237
238
156
211
174
175
251
235
155
238
209
236
177
157
157
163
147
165
153
207
191
172
181
215
150
449
190
182
257
245
200
202
170
166
512
201
192
194
181
194
158
167
233
195
213
240
207
459
184
185
229
217
232
222
187
519
248
144
152
245
156
224
243
209
208
224
182
256
264
223
202
200
263
202
239
163
220
156
264
191
426
153
523
223
254
209
224
176
248
255
168
236
223
224
219
179
206
233
223
249
256
197
243
178
184
201
202
245
227
184
479
181
237
166
187
153
231
441
208
182
543
177
182
154
174
178
231
149
254
225
172
206
245
225
165
263
150
192
152
192
178
168
235
253
148
235
190
222
229
227
219
174
260
485
196
235
243
158
233
238
259
181
444
262
186
216
240
195
170
235
500
162
227
243
263
160
192
258
246
240
208
221
165
197
181
263
238
440
252
233
220
260
199
200
164
144
145
156
240
152
222
155
451
228
203
174
230
523
252
544
241
238
201
196
179
156
191
226
483
190
215
538
214
236
203
262
239
246
491
159
182
145
168
155
243
161
192
246
193
257
155
530
173
191
439
250
509
256
208
252
178
182
252
230
262
207
260
228
163
193
225
150
148
496
154
156
246
256
225
192
251
157
199
194
246
259
148
447
148
240
506
155
201
147
201
188
194
170
153
155
254
147
145
150
235
160
192
209
154
175
220
254
476
189
212
236
198
229
209
175
194
182
253
445
158
169
187
216
184
174
487
161
202
253
188
157
162
261
242
247
215
191
237
224
149
205
241
210
228
244
246
263
170
249
240
254
215
206
251
168
177
263
172
260
211
212
244
213
158
195
243
156
175
168
206
161
240
211
199
179
168
153
455
159
250
448
240
526
208
242
221
159
449
215
503
223
259
438
181
170
454
219
146
258
190
183
205
166
263
193
176
157
160
217
242
166
168
181
188
204
201
155
184
242
235
146
216
257
163
169
222
236
529
185
180
244
153
544
239
200
144
226
162
150
258
172
145
256
180
156
236
187
191
154
224
192
153
171
212
237
232
458
154
231
263
226
168
231
151
235
177
183
238
225
227
189
154
219
189
178
184
224
189
189
179
200
204
211
217
199
229
185
250
168
156
232
256
258
256
147
188
189
243
200
168
209
217
176
185
247
172
162
234
186
181
255
227
195
254
239
258
478
173
223
151
204
231
203
170
180
224
249
235
221
153
200
201
193
236
206
156
172
215
180
510
174
175
206
261
147
193
248
171
437
481
263
253
153
253
225
203
202
233
221
208
234
161
211
161
200
167
215
151
151
260
170
238
195
262
253
185
164
159
246
529
211
194
238
208
245
219
242
194
197
180
197
229
178
231
263
233
157
210
512
443
160
234
208
167
211
257
234
165
196
264
458
219
250
254
159
190
144
207
148
173
207
249
231
160
148
214
221
233
258
227
180
529
242
146
198
146
212
211
190
164
192
245
479
161
194
227
514
222
198
241
155
193
168
210
166
205
256
179
217
213
172
166
188
213
149
233
168
250
196
169
179
486
186
214
227
155
248
156
467
203
156
153
151
251
221
